t, r_OP_x, r_OP_y, r_OP_z, ex_B_x, ex_B_y, ex_B_z, ey_B_x, ey_B_y, ey_B_z, ez_B_x, ez_B_y, ez_B_z, v_P_x, v_P_y, v_P_z, B_Omega_x, B_Omega_y, B_Omega_z
0.000000000000000000e+00, 2.104659999999999864e-02, 1.580753207553111106e-01, -1.152706782864126034e-01, 1.000000000000000000e+00, 0.000000000000000000e+00, 0.000000000000000000e+00, 0.000000000000000000e+00, -5.000000000000002220e-01, -8.660254037844382635e-01, 0.000000000000000000e+00, 8.660254037844382635e-01, -5.000000000000002220e-01, 0.000000000000000000e+00, 0.000000000000000000e+00, 0.000000000000000000e+00, 0.000000000000000000e+00, 0.000000000000000000e+00, 0.000000000000000000e+00
1.000000000000000021e-02, 2.104659999999999864e-02, 1.578196027908051469e-01, -1.155721341807978975e-01, 1.000000000000000000e+00, 0.000000000000000000e+00, 0.000000000000000000e+00, 0.000000000000000000e+00, -5.010871676202821590e-01, -8.653968167530335931e-01, 0.000000000000000000e+00, 8.653968167530335931e-01, -5.010871676202821590e-01, 2.020484809519189349e-24, -5.118154687383022483e-02, -6.022755516262347925e-02, -2.518069678139971956e-01, -7.834231970851767768e-25, 2.035776724063703959e-25
2.000000000000000042e-02, 2.104659999999999864e-02, 1.570502319649221545e-01, -1.164726640558696874e-01, 1.000000000000000000e+00, 0.000000000000000000e+00, 0.000000000000000000e+00, 0.000000000000000000e+00, -5.043782230780475828e-01, -8.634828360104392919e-01, 0.000000000000000000e+00, 8.634828360104392919e-01, -5.043782230780475828e-01, 2.038429285088714431e-23, -1.028032145432786065e-01, -1.196910975183351766e-01, -5.115046349784091451e-01, -2.869999546517652504e-40, -7.260974779033694015e-40
2.999999999999999889e-02, 2.104659999999999864e-02, 1.557607686962909632e-01, -1.179609853999125518e-01, 1.000000000000000000e+00, 0.000000000000000000e+00, 0.000000000000000000e+00, 0.000000000000000000e+00, -5.099579382078280876e-01, -8.601993380948514956e-01, 0.000000000000000000e+00, 8.601993380948514956e-01, -5.099579382078280876e-01, -7.427965160966763638e-23, -1.552579846130293373e-01, -1.776447587621829138e-01, -7.867845030163055364e-01, -7.124135003120223355e-40, -2.310513783012747533e-39
4.000000000000000083e-02, 2.104659999999999864e-02, 1.539412908663858326e-01, -1.200181677482646536e-01, 1.000000000000000000e+00, 0.000000000000000000e+00, 0.000000000000000000e+00, 0.000000000000000000e+00, -5.179672411606757176e-01, -8.554004542226982810e-01, 0.000000000000000000e+00, 8.554004542226982810e-01, -5.179672411606757176e-01, -6.022991354264102174e-22, -2.088394821618917430e-01, -2.333783565610213495e-01, -1.084840310857812185e+00, 3.875014645844789207e-39, 1.342129582207572198e-38
5.000000000000000278e-02, 2.104659999999999864e-02, 1.515804546378371753e-01, -1.226185726418181215e-01, 1.000000000000000000e+00, 0.000000000000000000e+00, 0.000000000000000000e+00, 0.000000000000000000e+00, -5.285857063223984298e-01, -8.488799391384219684e-01, 0.000000000000000000e+00, 8.488799391384219684e-01, -5.285857063223984298e-01, 4.216688864264923550e-22, -2.637380951669432427e-01, -2.862135334378214657e-01, -1.411988963084924498e+00, -1.216347553978520032e-39, -4.201927913743974378e-39
5.999999999999999778e-02, 2.104659999999999864e-02, 1.486618102022402854e-01, -1.257315322595250195e-01, 1.000000000000000000e+00, 0.000000000000000000e+00, 0.000000000000000000e+00, 0.000000000000000000e+00, -5.420095629526782144e-01, -8.403723184802357471e-01, 0.000000000000000000e+00, 8.403723184802357471e-01, -5.420095629526782144e-01, 2.059386115521098131e-22, -3.200040026927298831e-01, -3.355710425731778246e-01, -1.774265892256051247e+00, -8.399057343211321728e-40, -2.901492536745714731e-39
7.000000000000000666e-02, 2.104659999999999864e-02, 1.451744713965273936e-01, -1.293166252926921944e-01, 1.000000000000000000e+00, 0.000000000000000000e+00, 0.000000000000000000e+00, 0.000000000000000000e+00, -5.584682709547796886e-01, -8.295258828612755986e-01, 0.000000000000000000e+00, 8.295258828612755986e-01, -5.584682709547796886e-01, -2.300476840906445070e-22, -3.775477372088032468e-01, -3.808680668744259812e-01, -2.174597582230099135e+00, 7.881512740520586397e-40, 2.722704401270776027e-39
8.000000000000000167e-02, 2.104659999999999864e-02, 1.411073072073150136e-01, -1.333324275122490521e-01, 1.000000000000000000e+00, -1.281701361682732558e-58, -3.071893653910932645e-59, -9.916571072223177277e-59, -5.781465161800714014e-01, -8.159329665045076396e-01, 8.681819328022311221e-59, 8.159329665045076396e-01, -5.781465161800714014e-01, 6.222546606590849581e-24, -4.362685235662299710e-01, -4.215254599144432901e-01, -2.615658746923880784e+00, 1.430136379931400080e-57, 1.168565693229436057e-57
8.999999999999999667e-02, 2.104659999999999864e-02, 1.364468031914564394e-01, -1.377302279187742062e-01, 1.000000000000000000e+00, 3.134444304803936214e-58, 2.073285666110211394e-58, 3.541177431189007103e-58, -6.011935592288133456e-01, -7.991034378237846791e-01, -1.258299230729129039e-58, 7.991034378237846791e-01, -6.011935592288133456e-01, 6.919178963791287253e-23, -4.959244520773173348e-01, -4.570588425280437961e-01, -3.098290165646500505e+00, -8.577620894854552794e-58, -2.266799275874741734e-57
1.000000000000000056e-01, 2.104659999999999864e-02, 1.311859330847727212e-01, -1.424549634279473898e-01, 1.000000000000000000e+00, -2.056498370423256619e-57, -2.269648728514318937e-57, -3.057677457390527595e-57, -6.276702682326509297e-01, -7.784793088944315098e-01, 1.763504039291432040e-58, 7.784793088944315098e-01, -6.276702682326509297e-01, 1.548996685817115343e-22, -5.562987308428977151e-01, -4.868750197768186849e-01, -3.620328257626725055e+00, 1.536439512050241356e-57, 3.735567104229652501e-56
1.100000000000000006e-01, 2.104659999999999864e-02, 1.253192305046255117e-01, -1.474460914117806942e-01, 1.000000000000000000e+00, 4.260377293724367946e-26, -9.960570252253692634e-25, -7.224601236031648239e-25, -6.575127080454905570e-01, -7.534434542543227975e-01, -6.870196858697717784e-25, 7.534434542543227975e-01, -6.575127080454905570e-01, 2.299268267829919269e-23, -6.171863019926924210e-01, -5.103055501489995871e-01, -4.177775203647285274e+00, 2.363152251048788029e-24, 1.119190560702029376e-24
1.199999999999999956e-01, 2.104659999999999864e-02, 1.188413026694905700e-01, -1.526373839181514036e-01, 1.000000000000000000e+00, 1.225759502600748947e-25, -1.596442340390019194e-24, -1.070076372243530605e-24, -6.905263520836026903e-01, -7.233072356046995610e-01, -1.191045577355563192e-24, 7.233072356046995610e-01, -6.905263520836026903e-01, -1.039187599639332497e-22, -6.784027085818451486e-01, -5.265865552406464589e-01, -4.765650591219764642e+00, -9.082115425363430602e-24, -5.671874919243510629e-24
1.300000000000000044e-01, 2.104659999999999864e-02, 1.117504854556699845e-01, -1.579508560239130666e-01, 1.000000000000000000e+00, -1.312671053684431114e-24, -8.429459886347306826e-24, -6.747731982439310641e-24, -7.262848596090858422e-01, -6.873938483159496293e-01, -5.219867082971079169e-24, 6.873938483159496293e-01, -7.262848596090858422e-01, 2.551888773560151730e-23, -7.397814191968332675e-01, -5.347130015411025727e-01, -5.374702278772066855e+00, -1.851005578108713888e-23, 8.646936284004287736e-23
1.400000000000000133e-01, 2.104659999999999864e-02, 1.040457729896991229e-01, -1.633004939512260889e-01, 1.000000000000000000e+00, 2.100977308971077597e-24, 2.396248243602440523e-25, 1.760052922695874625e-24, -7.641631276112865745e-01, -6.450230340067990564e-01, -1.172066302975535499e-24, 6.450230340067990564e-01, -7.641631276112865745e-01, -8.421413391176077844e-23, -8.011445527680236545e-01, -5.335357298933307568e-01, -5.994024441730446462e+00, -2.224705508795666265e-24, 6.672427495984934095e-24
1.499999999999999944e-01, 2.104659999999999864e-02, 9.572845241650682069e-02, -1.685858424034692160e-01, 1.000000000000000000e+00, -1.037380150785237959e-24, -7.527482236567858766e-25, -1.281644394300665159e-24, -8.032635828933387678e-01, -5.956237204790928441e-01, 1.323298981071969815e-26, 5.956237204790928441e-01, -8.032635828933387678e-01, -3.767516617134355988e-22, -8.622205258957722496e-01, -5.217006472061440636e-01, -6.608068485634208677e+00, -7.870601718200925367e-24, 7.277781986617227881e-24
1.600000000000000033e-01, 2.104659999999999864e-02, 8.680376461621280848e-02, -1.736945098111091490e-01, 1.000000000000000000e+00, 8.833613983546807157e-25, 1.756525026738495952e-24, 1.690544947879541702e-24, -8.424574135297262512e-01, -5.387629408086673788e-01, 1.003875146051922003e-24, 5.387629408086673788e-01, -8.424574135297262512e-01, 1.245607480449967251e-22, -9.225661820771904331e-01, -4.978284546240802078e-01, -7.196834256856530665e+00, 9.121952239891559119e-24, 4.617294371192536073e-23
1.700000000000000122e-01, 2.104659999999999864e-02, 7.728235377911964188e-02, -1.784987035407792633e-01, 1.000000000000000000e+00, 9.661500778231906142e-24, 1.453273056669777613e-24, 9.194562234088699395e-24, -8.803122059020236367e-01, -4.743947935421645168e-01, -3.304031656701839386e-24, 4.743947935421645168e-01, -8.803122059020236367e-01, -6.506029836805201474e-22, -9.813703800326352145e-01, -4.607901808780788255e-01, -7.732460374055222907e+00, 2.999488893175347669e-24, 1.206849453960442247e-22
1.799999999999999933e-01, 2.104659999999999864e-02, 6.718531888932689766e-02, -1.828644199174212226e-01, 1.000000000000000000e+00, -3.150682954894617962e-24, 2.732817091061108008e-25, -2.773650835393062615e-24, -9.152737939518562627e-01, -4.028323250497345964e-01, 1.519324526925964714e-24, 4.028323250497345964e-01, -9.152737939518562627e-01, 3.321129128934423722e-22, -1.037424861973885282e+00, -4.101234316233544619e-01, -8.181746272014784438e+00, 5.878943544125218542e-27, -1.255023082078739782e-23
1.900000000000000022e-01, 2.104659999999999864e-02, 5.654875355533758169e-02, -1.866589636101648186e-01, 1.000000000000000000e+00, 1.424179926598342270e-24, -1.712341599961308195e-25, 1.291193855835526280e-24, -9.457025928839553064e-01, -3.250332380119981268e-01, -6.248424021525959657e-25, 3.250332380119981268e-01, -9.457025928839553064e-01, -5.278004199659237711e-22, -1.089002738996403874e+00, -3.468095334641913552e-01, -8.508389166021938621e+00, -2.306769957835346718e-23, -7.845881135155881933e-24
2.000000000000000111e-01, 2.104659999999999864e-02, 4.542702867877916606e-02, -1.897668701214994535e-01, 1.000000000000000000e+00, -2.915011288121516307e-25, -2.193873280239998426e-24, -8.148666808346338347e-25, -9.701452558947472049e-01, -2.425246017725125325e-01, -2.057679559677676254e-24, 2.425246017725125325e-01, -9.701452558947472049e-01, -4.455690016901515967e-22, -1.134102813622409611e+00, -2.733772080605103572e-01, -8.679382730439803240e+00, -1.192395843354670939e-23, -6.253114023416772585e-24
2.099999999999999922e-01, 2.104659999999999864e-02, 3.389460619323662882e-02, -1.921056082811942178e-01, 1.000000000000000000e+00, 1.461549044013610873e-24, 7.045930679663930892e-25, 1.554220312268092365e-24, -9.875394490082194388e-01, -1.573716513624423552e-01, 4.658070635109217903e-25, 1.573716513624423552e-01, -9.875394490082194388e-01, 1.472634733281505723e-22, -1.170845621864341046e+00, -1.939015814777014513e-01, -8.677591779959348273e+00, 3.384405945895814914e-24, 1.121405720440378885e-23
2.200000000000000011e-01, 2.104659999999999864e-02, 2.204247163526674991e-02, -1.936399954046910954e-01, 1.000000000000000000e+00, 6.752510046597997303e-24, 8.575199742756932121e-24, 7.351929652269501390e-24, -9.974088210060574333e-01, -7.194194728603423017e-02, 8.067191143493867925e-24, 7.194194728603423017e-02, -9.974088210060574333e-01, -1.605035151751694690e-22, -1.197855367601174947e+00, -1.128658547122156908e-01, -8.502956073633091805e+00, -7.276163197248655093e-23, -8.058300390765348152e-23
2.300000000000000100e-01, 2.104659999999999864e-02, 9.971800126409101350e-03, -1.943712874985888961e-01, 1.000000000000000000e+00, -5.315165863368555011e-25, 1.349635477406672029e-24, -5.470579959506304164e-25, -9.999333947258222111e-01, 1.154149522778460078e-02, 1.343411088420964103e-24, -1.154149522778460078e-02, -9.999333947258222111e-01, -1.421519969327179204e-21, -1.214613780727045178e+00, -3.411879620529401080e-02, -8.179896858695157036e+00, 2.707235769016142466e-25, -2.158527683757635656e-23
2.399999999999999911e-01, 2.104659999999999864e-02, -2.215523164544267593e-03, -1.943374175705570861e-01, 1.000000000000000000e+00, 2.765985728681346003e-24, 2.247370639914351486e-24, 2.549820723879881849e-24, -9.958443877745095651e-01, 9.107115535674339957e-02, 2.489932955019189402e-24, -9.107115535674339957e-02, -9.958443877745095651e-01, 8.889501071912173732e-22, -1.221129066533034768e+00, 4.007253199776298486e-02, -7.738143874437789727e+00, -7.443058266515454276e-23, -9.799277480196092366e-24
2.500000000000000000e-01, 2.104659999999999864e-02, -1.441805833113998965e-02, -1.935872211275851407e-01, 1.000000000000000000e+00, -3.788711606340719121e-24, 1.740655440233564890e-23, -6.613465423392285232e-24, -9.862476246583788964e-01, 1.652743865688374170e-01, 1.654099594616618073e-23, -1.652743865688374170e-01, -9.862476246583788964e-01, 2.186906819045013136e-21, -1.217774561279065360e+00, 1.089725645972052237e-01, -7.212955345069098634e+00, -1.586173066876893095e-22, -3.349736657529067579e-22
2.600000000000000089e-01, 2.104659999999999864e-02, -2.653925471009718068e-02, -1.921741025903695999e-01, 1.000000000000000000e+00, 1.613791262786421444e-24, -8.421292570964267244e-24, 3.532808241797678126e-24, -9.724387710305943955e-01, 2.331583937938060680e-01, -7.812922419447805685e-24, -2.331583937938060680e-01, -9.724387710305943955e-01, -1.021575157106257338e-21, -1.204944926891799328e+00, 1.728732142097855751e-01, -6.637543238777316112e+00, 6.598498784327502497e-23, 1.639386303535482578e-22
2.700000000000000178e-01, 2.104659999999999864e-02, -3.848600262364967189e-02, -1.901457047299675296e-01, 1.000000000000000000e+00, -5.788259255023001003e-24, 1.052920872775697755e-24, -5.841825509056954605e-24, -9.557281864097311175e-01, 2.942509706049682983e-01, -6.968947477328399544e-25, -2.942509706049682983e-01, -9.557281864097311175e-01, -2.969953291948862783e-22, -1.182848706471888667e+00, 2.324551347800672407e-01, -6.043941588665108888e+00, -9.749319231364098742e-25, 1.265495389267036602e-23
2.800000000000000266e-01, 2.104659999999999864e-02, -5.016577892051485993e-02, -1.875387238332762996e-01, 1.000000000000000000e+00, -1.926767739019361876e-23, 1.139052498064453750e-23, -2.203020550975368905e-23, -9.372344385086284202e-01, 3.486998813785518458e-01, 3.956955464152167570e-24, -3.486998813785518458e-01, -9.372344385086284202e-01, 6.584232873517967177e-22, -1.151540799685117911e+00, 2.882669918929237629e-01, -5.457534082369567940e+00, -2.357486133662519622e-22, -1.670536408585837700e-22
2.899999999999999800e-01, 2.104659999999999864e-02, -6.148669221256468365e-02, -1.843899283224806063e-01, 1.000000000000000000e+00, 6.177533661318099692e-24, -3.104352804846556383e-24, 6.902175969195374551e-24, -9.179258408062054286e-01, 3.967520016083360690e-01, -3.986168134170484865e-25, -3.967520016083360690e-01, -9.179258408062054286e-01, 2.554033690015285182e-22, -1.111110838702520809e+00, 3.406647473101437340e-01, -4.904374963427489575e+00, 5.261653062992478761e-23, 4.600404523444836183e-23
2.999999999999999889e-01, 2.104659999999999864e-02, -7.235798364347541256e-02, -1.807382864349987572e-01, 1.000000000000000000e+00, -9.097245619609983249e-24, -1.771856056845216909e-23, -3.953071036661629021e-25, -8.984870111289982031e-01, 4.390001034538371649e-01, -1.991358829481045631e-23, -4.390001034538371649e-01, -8.984870111289982031e-01, -2.399777801761703651e-21, -1.061790061487006165e+00, 3.889879331092905845e-01, -4.412166720698891709e+00, 1.749504044078701492e-23, 1.929314993845671139e-22
3.099999999999999978e-01, 2.104659999999999864e-02, -8.269516880256803926e-02, -1.766279935341563134e-01, 1.000000000000000000e+00, -6.252473780654075985e-23, -3.055335929975271252e-23, -4.042235879389371885e-23, -8.792659783546441510e-01, 4.763311235979131864e-01, -5.664700796877252088e-23, -4.763311235979131864e-01, -8.792659783546441510e-01, -1.210407864019168626e-21, -1.004335967117622630e+00, 4.320765354552859039e-01, -3.999831670203748413e+00, 1.796149635485398719e-22, 8.796856850382740341e-22
3.200000000000000067e-01, 2.104659999999999864e-02, -9.242133112836541098e-02, -1.721191242806025812e-01, 1.000000000000000000e+00, 2.608586037058510353e-23, 6.043730639734932638e-24, 1.936312664661233988e-23, -8.603684260221062807e-01, 5.096726120797970827e-01, 1.849508361123529427e-23, -5.096726120797970827e-01, -8.603684260221062807e-01, -3.221095326083587828e-22, -9.399056875477372897e-01, 4.682113834211487635e-01, -3.683180499280580111e+00, -1.021153383580515753e-22, -2.348513891654959591e-22
3.300000000000000155e-01, 2.104659999999999864e-02, -1.014757558658155312e-01, -1.672935850364476174e-01, 1.000000000000000000e+00, 1.628593617893276303e-23, 2.995154694040884309e-24, 1.208940903471119400e-23, -8.416406692833182657e-01, 5.400379466373900206e-01, 1.131586753443807118e-23, -5.400379466373900206e-01, -8.416406692833182657e-01, -2.447060524752225334e-21, -8.702497185964513937e-01, 4.955108029077210374e-01, -3.467822284962424728e+00, -2.283877983409811719e-22, 1.302538855688589245e-22
3.400000000000000244e-01, 2.104659999999999864e-02, -1.098167402343143001e-01, -1.622445061673308542e-01, 1.000000000000000000e+00, 2.090612222351996613e-23, 2.829550558510161106e-24, 1.559348329592403990e-23, -8.228018923867004286e-01, 5.683282905899236237e-01, 1.420970026030312272e-23, -5.683282905899236237e-01, -8.228018923867004286e-01, -3.315955253211799145e-21, -7.975711876890407837e-01, 5.123635612245109883e-01, -3.346550795505585985e+00, -2.799321794278576069e-22, 1.266413169549552272e-23
3.500000000000000333e-01, 2.104659999999999864e-02, -1.174237221326071279e-01, -1.570839157969134148e-01, 1.000000000000000000e+00, -5.081306358155462073e-24, -1.580467205814762665e-24, -3.141802965264684197e-24, -8.034768446406110876e-01, 5.953360060725099157e-01, -4.294953436481132353e-24, -5.953360060725099157e-01, -8.034768446406110876e-01, 4.605472641216205668e-22, -7.238559285617032213e-01, 5.178371369878667085e-01, -3.306463092127209791e+00, 7.637970380213665536e-23, 1.162961676975272237e-23
3.599999999999999867e-01, 2.104659999999999864e-02, -1.242965669691769304e-01, -1.519253483807059268e-01, 1.000000000000000000e+00, 5.835172976527758722e-25, -1.061722104407345418e-24, 1.117058662098724577e-24, -7.833311287323705407e-01, 6.216046514939140843e-01, -4.689629079973892222e-25, -6.216046514939140843e-01, -7.833311287323705407e-01, 3.868664347221673545e-23, -6.508332277843669189e-01, 5.118999609814481877e-01, -3.326909892788787015e+00, 4.007889803064617586e-23, 2.627523224780962052e-23
3.699999999999999956e-01, 2.104659999999999864e-02, -1.304474952231795826e-01, -1.468823133373951539e-01, 1.000000000000000000e+00, -1.338881093187811276e-24, 7.395621717515170913e-24, -5.809182275117059994e-24, -7.620379967537762589e-01, 6.475323092352162080e-01, 4.768775992300708186e-24, -6.475323092352162080e-01, -7.620379967537762589e-01, 8.928030514879158963e-22, -5.797503205141787408e-01, 4.952905584474348588e-01, -3.385368372926786940e+00, 2.000410668056401351e-24, -2.911599465249309047e-23
3.800000000000000044e-01, 2.104659999999999864e-02, -1.358982445002029360e-01, -1.420509488340481463e-01, 1.000000000000000000e+00, -8.215232535310445302e-24, 2.613948666280857929e-24, -7.834324890578857892e-24, -7.394183660063464725e-01, 6.732462253978884759e-01, -3.598072643517821926e-24, -6.732462253978884759e-01, -7.394183660063464725e-01, 1.219952633541511676e-21, -5.110044688647945588e-01, 4.694371590315913334e-01, -3.462004695737565196e+00, 1.227293483566353436e-22, -8.652473182666021083e-23
3.900000000000000133e-01, 2.104659999999999864e-02, -1.406747635670121399e-01, -1.375180460202318211e-01, 1.000000000000000000e+00, -1.263262326570359171e-23, -1.038767403168387974e-24, -8.311659276156501678e-24, -7.154060672501025842e-01, 6.987089229011905767e-01, -9.569667098084574229e-24, -6.987089229011905767e-01, -7.154060672501025842e-01, 3.542350264017199736e-21, -4.445842905887990582e-01, 4.358761553233412300e-01, -3.540303423600013488e+00, 3.402500539594978545e-23, -5.656898541977157608e-22
4.000000000000000222e-01, 2.104659999999999864e-02, -1.447984647429323701e-01, -1.333526411577131143e-01, 1.000000000000000000e+00, 1.749704838317162135e-24, -1.277378953927195582e-25, 1.299773068510497837e-24, -6.900115759429130691e-01, 7.237983317642955328e-01, 1.178292816546317189e-24, -7.237983317642955328e-01, -6.900115759429130691e-01, -7.224944245626301740e-22, -3.800615167127273653e-01, 3.963785306115738538e-01, -3.605494947912643688e+00, 2.906362311338950073e-23, 1.683266125449158893e-22
4.100000000000000311e-01, 2.104659999999999864e-02, -1.482825967403851586e-01, -1.296073363651863430e-01, 1.000000000000000000e+00, 1.239974417659117002e-23, -1.656593101596027443e-23, 2.062200325415467168e-23, -6.632654640734876317e-01, 7.483842089243871731e-01, -1.707837186647314896e-24, -7.483842089243871731e-01, -6.632654640734876317e-01, -1.359407541950564653e-21, -3.168163822938109275e-01, 3.527084399847046914e-01, -3.645195303287801281e+00, -2.838999571461294873e-23, 1.502457783841601822e-22
4.199999999999999845e-01, 2.104659999999999864e-02, -1.511350748701269509e-01, -1.263101388876282372e-01, 1.000000000000000000e+00, 1.749308488648255221e-23, -3.244144688219550512e-23, 3.616499982900065596e-23, -6.354918450984774481e-01, 7.721075798185981220e-01, -7.109731501567331571e-24, -7.721075798185981220e-01, -6.354918450984774481e-01, -1.989797733097230002e-22, -2.542498612467878338e-01, 3.060554115636128780e-01, -3.648017487984992702e+00, -1.590750460434968279e-22, -4.216105129953528241e-22
4.299999999999999933e-01, 2.104659999999999864e-02, -1.533635971816115495e-01, -1.234877942554734598e-01, 1.000000000000000000e+00, 1.832393281995366302e-23, -2.855837451816430139e-23, 3.381776490841673984e-23, -6.070729905077381083e-01, 7.946460748005942376e-01, -2.775976532496029158e-24, -7.946460748005942376e-01, -6.070729905077381083e-01, -2.961506012987513796e-22, -1.917491448102036367e-01, 2.576005427056569097e-01, -3.602637885177622845e+00, -3.433167685358138326e-22, -1.122220532481450100e-21
4.400000000000000022e-01, 2.104659999999999864e-02, -1.549691392231070108e-01, -1.211593108562591808e-01, 1.000000000000000000e+00, -4.190581780239032587e-24, 3.213745692719996413e-24, -5.045546269313530550e-24, -5.784471426631183633e-01, 8.157198680581919659e-01, -1.559358803663860734e-24, -8.157198680581919659e-01, -5.784471426631183633e-01, 2.656454009165764736e-21, -1.289419510897777121e-01, 2.083239798814962573e-01, -3.498752226110769303e+00, 9.763246639985629584e-23, 3.043011879312050732e-22
4.500000000000000111e-01, 2.104659999999999864e-02, -1.559449103073143605e-01, -1.193252153400828075e-01, 1.000000000000000000e+00, 1.567342733930826630e-24, -2.226388293768912597e-24, 2.721461629004337853e-24, -5.502215471777549549e-01, 8.350187117791536551e-01, 8.375369898736228506e-26, -8.350187117791536551e-01, -5.502215471777549549e-01, -1.475793729976892772e-21, -6.624130622594076589e-02, 1.584351607241486493e-01, -3.327840349226893313e+00, -3.647821814156925732e-23, 5.735474649760073635e-23
4.600000000000000200e-01, 2.104659999999999864e-02, -1.562955781801368682e-01, -1.179918007921620382e-01, 1.000000000000000000e+00, 5.542533386179606298e-26, 1.083184960438124957e-24, -8.941635042463706783e-25, -5.231152324824166477e-01, 8.522619629813751319e-01, 6.138674562369996329e-25, -8.522619629813751319e-01, -5.231152324824166477e-01, -8.332071042489342985e-21, -3.999075075316120900e-03, 1.081551287600843736e-01, -3.084124238626928971e+00, -1.665464664426881089e-22, 1.438098225656416265e-22
4.700000000000000289e-01, 2.104659999999999864e-02, -1.560284415072119013e-01, -1.171634689231850629e-01, 1.000000000000000000e+00, -5.017278166572570769e-25, -7.109586174998368508e-25, 3.667393312855975047e-25, -4.979199951216970454e-01, 8.672229692864511508e-01, -7.891103982923620550e-25, -8.672229692864511508e-01, -4.979199951216970454e-01, 4.922982683661362962e-21, 5.704841633949940538e-02, 5.741373072935235244e-02, -2.764466584948374717e+00, 1.121237814924267482e-22, -1.057537999161317516e-22
4.799999999999999822e-01, 2.104659999999999864e-02, -1.551606497669437423e-01, -1.168456215431402240e-01, 1.000000000000000000e+00, 1.585409307701434309e-24, -7.005325129610818972e-24, 6.916670937920442208e-24, -4.754481264008485475e-01, 8.797437576373720036e-01, -1.935914765951720314e-24, -8.797437576373720036e-01, -4.754481264008485475e-01, -1.348627236945292500e-21, 1.162433302552192682e-01, 6.147666555957803647e-03, -2.371071079939798487e+00, -7.316386371438061463e-24, -1.628381576730752991e-23
4.899999999999999911e-01, 2.104659999999999864e-02, -1.537125106919692841e-01, -1.170427231463402606e-01, 1.000000000000000000e+00, 1.172943025371942171e-25, -1.377995859407426980e-23, 1.231419412337384384e-23, -4.564572103812256643e-01, 8.897453653102047610e-01, -6.185599396960174380e-24, -8.897453653102047610e-01, -4.564572103812256643e-01, -6.304179326169617411e-21, 1.730792344738792676e-01, -4.565633175123030851e-02, -1.909641990867060102e+00, -1.410763051224237824e-22, -3.580245188792435095e-23
5.000000000000000000e-01, 2.104659999999999864e-02, -1.517093912081598217e-01, -1.177608241883161405e-01, 1.000000000000000000e+00, -1.247914308225304024e-24, 4.517537013513366732e-24, -4.604186050541211334e-24, -4.416835134825884968e-01, 8.971709279271569137e-01, 8.757291825321523926e-25, -8.971709279271569137e-01, -4.416835134825884968e-01, 1.060148042801414947e-21, 2.270401605304151749e-01, -9.804768941402547400e-02, -1.386752493263093688e+00, 3.967106485993773325e-23, 4.611532256646910023e-23
5.100000000000000089e-01, 2.104659999999999864e-02, -1.491806859602196611e-01, -1.190045796712356080e-01, 1.000000000000000000e+00, -4.634905226067411771e-24, -7.163196879599242618e-25, -1.355146437705864758e-24, -4.317784614379081010e-01, 9.019796894821484612e-01, -4.489881789352489291e-24, -9.019796894821484612e-01, -4.317784614379081010e-01, 1.724808350713761899e-22, 2.781632681090052128e-01, -1.506999211801793859e-01, -8.077606823485539156e-01, 5.738060865752543413e-23, 3.604275765115550581e-24
5.200000000000000178e-01, 2.104659999999999864e-02, -1.461557653829689274e-01, -1.207744330077118594e-01, 1.000000000000000000e+00, -1.223363057405693940e-23, -2.498821741057975717e-24, -2.967943277621014391e-24, -4.272793065561903969e-01, 9.041196791292960278e-01, -1.212836096992949051e-23, -9.041196791292960278e-01, -4.272793065561903969e-01, 8.035466667355192641e-22, 3.264499298890623513e-01, -2.033932759093770859e-01, -1.798101986213083425e-01, 1.079277265458591215e-22, -2.368517375703841930e-23
5.300000000000000266e-01, 2.104659999999999864e-02, -1.426632378943278323e-01, -1.230691224760445263e-01, 1.000000000000000000e+00, 4.053037403122596607e-24, 6.472022066282946926e-25, 1.152616051724178184e-24, -4.286522370118788228e-01, 9.034695676693884625e-01, 3.939220624017276321e-24, -9.034695676693884625e-01, -4.286522370118788228e-01, -3.497879661369965904e-22, 3.721134116392408875e-01, -2.557517183534486205e-01, 4.919613154718308623e-01, -3.270087132837109110e-23, 1.526547373396331703e-23
5.400000000000000355e-01, 2.104659999999999864e-02, -1.387213506000095076e-01, -1.258879471828533991e-01, 1.000000000000000000e+00, 3.942727788192650803e-24, 8.841722608780681178e-25, 9.245560757846591533e-25, -4.362824445493860281e-01, 8.998097735510610651e-01, 3.933453833645745164e-24, -8.998097735510610651e-01, -4.362824445493860281e-01, -2.679793467593819427e-22, 4.154893939655349144e-01, -3.073430211004599677e-01, 1.203478717508436713e+00, -2.377155874735659153e-23, 1.278514814474692853e-23
5.500000000000000444e-01, 2.104659999999999864e-02, -1.343538162263724911e-01, -1.292149672538226435e-01, 1.000000000000000000e+00, -7.095325380860867019e-25, 1.416090024356624621e-24, -1.583896711143090527e-24, -4.503967136080808675e-01, 8.928285391781786151e-01, 4.311393664624745817e-27, -8.928285391781786151e-01, -4.503967136080808675e-01, 2.097573088046193564e-22, 4.569727684145740154e-01, -3.576380574920589583e-01, 1.951026491391902429e+00, 2.680972665616697730e-23, -2.621231320015727044e-23
5.600000000000000533e-01, 2.104659999999999864e-02, -1.295843474997753486e-01, -1.330342428146363831e-01, 1.000000000000000000e+00, 1.861880438375219288e-24, 5.636201368384048505e-24, -4.094247651046280221e-24, -4.711410290507780374e-01, 8.820578953475639583e-01, 4.297732053499909385e-24, -8.820578953475639583e-01, -4.711410290507780374e-01, 2.442067844912598825e-22, 4.969584265329877182e-01, -4.061077008698933399e-01, 2.730889121025622313e+00, 1.113704724946399608e-23, -9.681307297621888914e-23
5.700000000000000622e-01, 2.104659999999999864e-02, -1.244214617760993624e-01, -1.373274413599530897e-01, 1.000000000000000000e+00, -3.836328083257833943e-25, -2.830589524222865865e-24, 2.262481323967884662e-24, -4.985430643290034158e-01, 8.668649335446940718e-01, -1.743728604158538026e-24, -8.668649335446940718e-01, -4.985430643290034158e-01, 1.619909517617546535e-23, 5.359528244577180800e-01, -4.520607486234529682e-01, 3.540962112590084310e+00, 2.637900515659033452e-25, 6.436784488452284899e-23
5.799999999999999600e-01, 2.104659999999999864e-02, -1.188682234471007126e-01, -1.420637916715360161e-01, 1.000000000000000000e+00, 1.636661676786212374e-24, -1.412355429389996104e-24, 2.066949756100814133e-24, -5.324564315027133787e-01, 8.464574109495385246e-01, 6.333466735863077315e-25, -8.464574109495385246e-01, -5.324564315027133787e-01, -6.333394496131650278e-23, 5.745515907318219373e-01, -4.945519084218925610e-01, 4.380128807144886061e+00, -6.643905236219176049e-24, -4.663507806231029576e-24
5.899999999999999689e-01, 2.104659999999999864e-02, -1.129299785119455002e-01, -1.472013305718934684e-01, 1.000000000000000000e+00, 3.577124726741008232e-24, -1.236262482488687151e-25, 2.149374169184404358e-24, -5.725310870552628995e-01, 8.198830126032123911e-01, 2.862043927119372205e-24, -8.198830126032123911e-01, -5.725310870552628995e-01, 6.468900544422770213e-22, 6.133921161552434720e-01, -5.322602620286916997e-01, 5.245389814439226583e+00, -4.955315093213172651e-23, 8.787364411941155718e-24
5.999999999999999778e-01, 2.104659999999999864e-02, -1.065986140564610662e-01, -1.526912827006957907e-01, 1.000000000000000000e+00, 8.708272395498772336e-24, -1.062078229251182737e-24, 6.218733257028325116e-24, -6.182588908015751450e-01, 7.859745186358182423e-01, 6.187840896240394111e-24, -7.859745186358182423e-01, -6.182588908015751450e-01, 1.006115904459398748e-21, 6.532274850489855345e-01, -5.638278198760108273e-01, 6.142795795946868864e+00, -7.499457684140151311e-23, 1.237702838584871511e-22
6.099999999999999867e-01, 2.104659999999999864e-02, -9.985712500995598540e-02, -1.584467440439661923e-01, 1.000000000000000000e+00, 3.804790098048667186e-24, -8.176950432170946916e-24, 8.623774840453356167e-24, -6.687887919771511314e-01, 7.434524542469026498e-01, -2.639972265300056714e-24, -7.434524542469026498e-01, -6.687887919771511314e-01, 1.989856453486038401e-21, 6.950358080489164037e-01, -5.862096775264776793e-01, 7.071284199465192266e+00, -7.520810778021513340e-22, 6.477607324090852783e-22
6.199999999999999956e-01, 2.104659999999999864e-02, -9.268684618928392516e-02, -1.643710604803642061e-01, 1.000000000000000000e+00, -2.130035143133810843e-23, -2.102536334808848480e-23, -8.716651280886486821e-25, -7.229270675044390249e-01, 6.909243482968537853e-01, -2.991673569964016117e-23, -6.909243482968537853e-01, -7.229270675044390249e-01, 4.296001791741322002e-21, 7.398368522996665586e-01, -5.959035416788128758e-01, 8.026223027158795986e+00, -1.950782240522500472e-21, 1.244942408327569638e-21
6.300000000000000044e-01, 2.104659999999999864e-02, -8.504762043733497812e-02, -1.703074483585720056e-01, 1.000000000000000000e+00, -3.158784589673489497e-23, 2.349090118017807764e-23, -3.933647284073230860e-23, -7.790766258350636519e-01, 6.269287129151543958e-01, -1.502115542524197266e-24, -6.269287129151543958e-01, -7.790766258350636519e-01, -9.759871784956636968e-21, 7.888770112727250261e-01, -5.877881818800866354e-01, 9.008204700825816147e+00, -4.237749708712219824e-22, 9.566421664982865703e-22
6.400000000000000133e-01, 2.104659999999999864e-02, -7.689105546078355002e-02, -1.760437027199521498e-01, 1.000000000000000000e+00, 5.609841768848123447e-23, 2.828519613621590057e-23, 3.128049292263541776e-23, -8.350226384021017800e-01, 5.502155880707063629e-01, 5.448500298368774440e-23, -5.502155880707063629e-01, -8.350226384021017800e-01, 1.131142483644505780e-20, 8.433396512770157116e-01, -5.547456391082510319e-01, 9.985865982601534796e+00, 1.634764293003948926e-21, -5.591684663385879825e-22
6.500000000000000222e-01, 2.104659999999999864e-02, -6.816146814331583426e-02, -1.812941988297367690e-01, 1.000000000000000000e+00, -7.836417975804846938e-23, -4.928956061647062481e-24, -6.730782753484329755e-23, -8.878518876284819950e-01, 4.601293575012809778e-01, -4.043384262655691979e-23, -4.601293575012809778e-01, -8.878518876284819950e-01, 2.688325364694280269e-20, 9.035833397902477415e-01, -4.893983990906393133e-01, 1.088327837947586652e+01, -1.472162534074020356e-21, 5.848468991859888834e-22
6.600000000000000311e-01, 2.104659999999999864e-02, -5.880584645240315156e-02, -1.857116182949851702e-01, 1.000000000000000000e+00, -2.019445394849259291e-21, 1.445817372924975519e-21, -2.402935045404279678e-21, -9.338740081889205236e-01, 3.576022047319622477e-01, 6.280531396287189405e-22, -3.576022047319622477e-01, -9.338740081889205236e-01, 3.448312430162060226e-21, 9.677501682751167289e-01, -3.886219344744395454e-01, 1.155207568538072671e+01, -8.070054472764427557e-21, 2.226227459574473701e-21
6.700000000000000400e-01, 2.104659999999999864e-02, -4.881164085680095299e-02, -1.889784753981234300e-01, 1.000000000000000000e+00, 8.138422038165124177e-26, 8.245587751115206349e-26, 5.860500594057348180e-26, -9.692843061048259656e-01, 2.459429485447509889e-01, 9.993906314334067664e-26, -2.459429485447509889e-01, -9.692843061048259656e-01, -1.363713529650390868e-23, 1.030129321905427719e+00, -2.621896401516100594e-01, 1.180700252175257781e+01, 1.092817568601826307e-24, 5.699117504020663776e-25
6.800000000000000488e-01, 2.104659999999999864e-02, -3.823548444336664909e-02, -1.909489483457293690e-01, 1.000000000000000000e+00, 1.863133140107104180e-24, 1.466613174565348926e-24, 1.655132799025212838e-24, -9.913963871553030938e-01, 1.308938636277960921e-01, 1.697867697780063870e-24, -1.308938636277960921e-01, -9.913963871553030938e-01, 8.580018995354032098e-22, 1.082979945583093295e+00, -1.337387177471976996e-01, 1.155809991887268495e+01, -1.257077261751180189e-23, -1.589140432618859838e-24
6.900000000000000577e-01, 2.104659999999999864e-02, -2.719976110977227399e-02, -1.917254590184748475e-01, 1.000000000000000000e+00, 6.889170065796414455e-22, -2.085552541569138939e-20, 1.078720511733590819e-21, -9.998252064292831864e-01, 1.869643251107373089e-02, -2.083899971361556401e-20, -1.869643251107373089e-02, -9.998252064292831864e-01, 2.091164000561495233e-21, 1.121694002204561613e+00, -2.626511466181931376e-02, 1.090479068610128444e+01, 8.307214896953942930e-21, 3.105954042703416408e-20
7.000000000000000666e-01, 2.104659999999999864e-02, -1.584745815686380149e-02, -1.915740422927258158e-01, 1.000000000000000000e+00, -6.610105996978581452e-21, 1.278038604248090196e-20, -5.487010876928073628e-21, -9.962984182578695780e-01, -8.596197867003405046e-02, 1.330129618956761251e-20, 8.596197867003405046e-02, -9.962984182578695780e-01, -5.785262726180484528e-21, 1.146738799712254453e+00, 5.166098042301123239e-02, 1.002278626323559507e+01, -2.412851857840564875e-20, -3.635536490364752589e-20
7.099999999999999645e-01, 2.104659999999999864e-02, -4.301115715188613513e-03, -1.907791511586728883e-01, 1.000000000000000000e+00, 3.100572161291922597e-23, -1.315656675836930564e-23, 2.812270468362530887e-23, -9.835848455900420007e-01, -1.804462566129151069e-01, -1.853546608215917467e-23, 1.804462566129151069e-01, -9.835848455900420007e-01, 7.392054966584995995e-22, 1.161045451667457096e+00, 1.036183368040287933e-01, 9.041100713384025767e+00, 4.179656170877814421e-22, 3.765107782460344313e-22
7.199999999999999734e-01, 2.104659999999999864e-02, 7.347218948823498047e-03, -1.895618098430377485e-01, 1.000000000000000000e+00, -1.367861140579247151e-21, -6.615922998213462638e-23, -1.336919166705755152e-21, -9.646292887464393839e-01, -2.636101957294874620e-01, 2.967630120371766537e-22, 2.636101957294874620e-01, -9.646292887464393839e-01, 3.119083000361897467e-21, 1.167325305227416399e+00, 1.373461757888425061e-01, 8.019117325089856863e+00, -7.169772674755184962e-21, -1.712705739951660647e-20
7.299999999999999822e-01, 2.104659999999999864e-02, 1.902377707402011509e-02, -1.880682989161708007e-01, 1.000000000000000000e+00, 9.111918690618463379e-22, 6.663879614314814501e-23, 8.808326634070385428e-22, -9.421727699628419384e-01, -3.351275451832422814e-01, -2.425802351204479018e-22, 3.351275451832422814e-01, -9.421727699628419384e-01, -1.882369914279376862e-21, 1.167061371024728400e+00, 1.603243008003594205e-01, 6.971738175653792169e+00, 5.040961057044379848e-21, 1.144366766017144230e-20
7.399999999999999911e-01, 2.104659999999999864e-02, 3.066830369313641724e-02, -1.863715752418426130e-01, 1.000000000000000000e+00, 1.308851603326707490e-22, 1.355851948960997848e-23, 1.255948736564141382e-22, -9.186562873017221076e-01, -3.950577499569096762e-01, -3.925157776814113336e-23, 3.950577499569096762e-01, -9.186562873017221076e-01, 1.196566234637723056e-21, 1.160785725580517846e+00, 1.787167170548892292e-01, 5.904339167764429241e+00, 7.327070760179306830e-22, 1.623347139768004256e-21
7.500000000000000000e-01, 2.104659999999999864e-02, 4.221667453206799647e-02, -1.844918003929695294e-01, 1.000000000000000000e+00, -1.039977242318997971e-22, -9.635797461769513179e-24, -9.747424937482554871e-23, -8.961593635579785389e-01, -4.437323462486809089e-01, 3.751194405723124624e-23, 4.437323462486809089e-01, -8.961593635579785389e-01, 1.542175392130745077e-21, 1.147661887871272768e+00, 1.975093944598446116e-01, 4.817739216574205230e+00, -6.809698891383881251e-22, -1.325263792393378996e-21
7.600000000000000089e-01, 2.104659999999999864e-02, 5.359453382728778664e-02, -1.824055734131063977e-01, 1.000000000000000000e+00, 2.316882833842086260e-23, -2.353547501590527557e-23, 8.970860010300451379e-24, -8.764000665117335220e-01, -4.815837657336768385e-01, -3.178422346817847175e-23, 4.815837657336768385e-01, -8.764000665117335220e-01, -8.648310989741107906e-22, 1.126368556934604914e+00, 2.208926997332077147e-01, 3.723316702326376237e+00, -2.260582799118826247e-22, -2.439373095064553683e-22
7.700000000000000178e-01, 2.104659999999999864e-02, 6.470934476346720809e-02, -1.800468334271066173e-01, 1.000000000000000000e+00, -3.372587678098932949e-23, 3.503940880624796964e-23, -1.118240578631257195e-23, -8.606305430443066395e-01, -5.092298777362359585e-01, 4.733020953860320094e-23, 5.092298777362359585e-01, -8.606305430443066395e-01, 1.335955960437875792e-21, 1.094620456443917922e+00, 2.523818259562830568e-01, 2.646990569069831434e+00, 7.203298506480934194e-22, 9.857781626098140319e-22
7.800000000000000266e-01, 2.104659999999999864e-02, 7.544315758852879195e-02, -1.773226459627098017e-01, 1.000000000000000000e+00, 3.329764592382284401e-23, -3.752989289678415514e-23, 8.493075977236071820e-24, -8.495754254212775081e-01, -5.274671520770323196e-01, -4.944788919010862558e-23, 5.274671520770323196e-01, -8.495754254212775081e-01, -2.001433552853974488e-21, 1.049768880203074239e+00, 2.944203217170828224e-01, 1.636212914045503952e+00, -7.922721996761097217e-22, -9.547507742846763941e-22
